#XCOAST 3.0
450 2
1 35.500000 -125.000000 45.500000
28.000000 -135.000000 50.000000 -112.000000
2 1 0 2 -1 0.000 2
	 5625.000000 1080.000000 3645.000000 1080.000000
2 1 0 2 -1 0.000 2
	 7170.000000 10545.000000 8985.000000 8985.000000
3 2 0 2 -1 0.000 8
	 3645.000000 1080.000000 3645.000000 1665.000000 3675.000000 2610.000000 3555.000000 3615.000000 3615.000000 5295.000000 4170.000000 6945.000000
	 5400.000000 8535.000000 7170.000000 10545.000000
	 0.000 0.000 3643.410 1418.775 3643.410 1565.025 3648.420 1880.430
	 3684.435 2393.340 3664.890 2841.930 3564.645 3382.965 3538.980 4000.395
	 3544.680 4908.765 3687.825 5694.975 3976.560 6583.620 4393.365 7362.300
	 5108.070 8181.450 5691.720 8888.280 6134.220 9390.780 0.000 0.000
3 2 0 2 -1 0.000 34
	 8985.000000 8985.000000 8820.000000 8745.000000 8745.000000 8520.000000 8700.000000 8400.000000 8490.000000 8220.000000 8160.000000 7995.000000
	 7935.000000 7920.000000 7725.000000 7830.000000 7545.000000 7815.000000 7185.000000 7380.000000 6885.000000 6870.000000 6705.000000 6555.000000
	 6495.000000 6225.000000 6345.000000 6120.000000 6255.000000 5925.000000 6150.000000 5835.000000 6045.000000 5715.000000 6015.000000 5610.000000
	 5985.000000 5490.000000 6000.000000 5400.000000 5985.000000 5340.000000 5910.000000 5070.000000 5880.000000 4455.000000 5820.000000 4215.000000
	 5760.000000 3915.000000 5745.000000 3675.000000 5835.000000 3345.000000 5865.000000 2925.000000 5895.000000 2370.000000 5895.000000 2115.000000
	 5820.000000 1710.000000 5730.000000 1440.000000 5640.000000 1275.000000 5625.000000 1080.000000
	 0.000 0.000 8883.960 8850.600 8842.710 8790.600 8795.340 8695.484
	 8763.045 8570.955 8735.250 8492.460 8718.015 8425.740 8661.135 8344.440
	 8540.205 8258.445 8417.490 8164.485 8243.400 8036.340 8110.470 7970.460
	 7985.610 7939.245 7886.250 7901.459 7777.080 7842.960 7683.825 7819.755
	 7588.365 7837.650 7409.445 7744.200 7259.415 7486.125 7107.015 7268.790
	 6952.620 6986.610 6843.540 6798.495 6747.735 6625.815 6658.935 6478.650
	 6559.470 6292.380 6464.820 6193.455 6373.980 6154.680 6310.995 6079.320
	 6286.140 5966.190 6234.945 5898.480 6172.530 5857.305 6124.020 5809.290
	 6063.375 5748.765 6032.415 5691.870 6021.435 5634.045 6007.710 5582.775
	 5986.185 5519.580 5984.130 5468.175 6000.870 5421.825 5999.415 5385.210
	 5988.600 5353.620 5968.710 5278.260 5920.305 5133.960 5887.335 4929.450
	 5900.760 4595.370 5871.660 4398.600 5832.375 4270.020 5804.700 4146.960
	 5769.075 3984.495 5752.860 3860.385 5739.240 3731.265 5753.190 3594.960
	 5821.755 3422.700 5851.305 3249.360 5859.000 3020.745 5872.935 2798.625
	 5891.580 2496.690 5896.575 2311.875 5900.370 2173.440 5886.330 2020.620
	 5843.565 1801.380 5803.710 1646.850 5756.130 1500.015 5712.750 1400.370
	 5652.810 1318.260 5629.995 1241.235 5626.245 1192.485 0.000 0.000
