0.
0.000251363
0.000502726
0.000754089
0.00100545
0.00125682
0.00150818
0.00175954
0.0020109
0.00226227
0.00251363
0.00276499
0.00301636
0.00326772
0.00351908
0.00377045
0.00402181
0.00427317
0.00452453
0.0047759
0.00502726
0.00527862
0.00552999
0.00578135
0.00603271
0.00628408
0.00653544
0.0067868
0.00703816
0.00728953
0.00754089
0.00779225
0.00804362
0.00829498
0.00854634
0.00879771
0.00904907
0.00930043
0.0095518
0.00980316
0.0100545
0.0103059
0.0105572
0.0108086
0.01106
0.0113113
0.0115627
0.0118141
0.0120654
0.0123168
0.0125682
0.0128195
0.0130709
0.0133222
0.0135736
0.013825
0.0140763
0.0143277
0.0145791
0.0148304
0.0150818
0.0153331
0.0155845
0.0158359
0.0160872
0.0163386
0.01659
0.0168413
0.0170927
0.0173441
0.0175954
0.0178468
0.0180981
0.0183495
0.0186009
0.0188522
0.0191036
0.019355
0.0196063
0.0198577
0.0201091
0.0203604
0.0206118
0.0208631
0.0211145
0.0213659
0.0216172
0.0218686
0.02212
0.0223713
0.0226227
0.0228741
0.0231254
0.0233768
0.0236282
0.0238795
0.0241309
0.0243822
0.0246336
0.024885
0.0251363
0.0253877
0.0256391
0.0258904
0.0261418
0.0263932
0.0266445
0.0268959
0.0271472
0.0273986
0.02765
0.0279013
0.0281527
0.0284041
0.0286554
0.0289068
0.0291582
0.0294095
0.0296609
0.0299123
0.0301636
0.030415
0.0306663
0.0309177
0.0311691
0.0314204
0.0316718
0.0319232
0.0321745
0.0324259
0.0326773
0.0329286
0.03318
0.0334313
0.0336827
0.0339341
0.0341854
0.0344368
0.0346882
0.0349395
0.0351909
0.0354423
0.0356936
0.035945
0.0361964
0.0364477
0.0366991
0.0369504
0.0372018
0.0374532
0.0377045
0.0379559
0.0382073
0.0384586
0.03871
0.0389614
0.0392127
0.0394641
0.0397154
0.0399668
0.0402182
0.0404695
0.0407209
0.0409723
0.0412236
0.041475
0.0417264
0.0419777
0.0422291
0.0424805
0.0427318
0.0429832
0.0432345
0.0434859
0.0437373
0.0439886
0.04424
0.0444914
0.0447427
0.0449941
0.0452455
0.0454968
0.0457482
0.0459995
0.0462509
0.0465023
0.0467536
0.047005
0.0472564
0.0475077
0.0477591
0.0480105
0.0482618
0.0485132
0.0487645
0.0490159
0.0492673
0.0495186
0.04977
0.0500214
0.0502727
0.0505241
0.0507755
0.0510268
0.0512782
0.0515296
0.0517809
0.0520323
0.0522836
0.052535
0.0527864
0.0530377
0.0532891
0.0535405
0.0537918
0.0540432
0.0542946
0.0545459
0.0547973
0.0550486
0.0553
0.0555514
0.0558027
0.0560541
0.0563055
0.0565568
0.0568082
0.0570596
0.0573109
0.0575623
0.0578137
0.058065
0.0583164
0.0585677
0.0588191
0.0590705
0.0593218
0.0595732
0.0598246
0.0600759
0.0603273
0.0605787
0.06083
0.0610814
0.0613327
0.0615841
0.0618355
0.0620868
0.0623382
0.0625896
0.0628409
0.0630923
0.0633436
0.063595
0.0638464
0.0640977
0.0643491
0.0646004
0.0648518
0.0651032
0.0653545
0.0656059
0.0658572
0.0661086
0.06636
0.0666113
0.0668627
0.067114
0.0673654
0.0676168
0.0678681
0.0681195
0.0683708
0.0686222
0.0688736
0.0691249
0.0693763
0.0696277
0.069879
0.0701304
0.0703817
0.0706331
0.0708845
0.0711358
0.0713872
0.0716385
0.0718899
0.0721413
0.0723926
0.072644
0.0728953
0.0731467
0.0733981
0.0736494
0.0739008
0.0741521
0.0744035
0.0746549
0.0749062
0.0751576
0.0754089
0.0756603
0.0759117
0.076163
0.0764144
0.0766657
0.0769171
0.0771685
0.0774198
0.0776712
0.0779225
0.0781739
0.0784253
0.0786766
0.078928
0.0791793
0.0794307
0.0796821
0.0799334
0.0801848
0.0804361
0.0806875
0.0809389
0.0811902
0.0814416
0.0816929
0.0819443
0.0821957
0.082447
0.0826984
0.0829497
0.0832011
0.0834525
0.0837038
0.0839552
0.0842065
0.0844579
0.0847093
0.0849606
0.085212
0.0854633
0.0857147
0.0859661
0.0862174
0.0864688
0.0867201
0.0869715
0.0872229
0.0874742
0.0877256
0.0879769
0.0882283
0.0884797
0.088731
0.0889824
0.0892337
0.0894851
0.0897365
0.0899878
0.0902392
0.0904905
0.0907419
0.0909933
0.0912446
0.091496
0.0917474
0.0919987
0.0922501
0.0925014
0.0927528
0.0930042
0.0932555
0.0935069
0.0937582
0.0940096
0.094261
0.0945123
0.0947637
0.095015
0.0952664
0.0955178
0.0957691
0.0960205
0.0962718
0.0965232
0.0967746
0.0970259
0.0972773
0.0975286
0.09778
0.0980314
0.0982827
0.0985341
0.0987854
0.0990368
0.0992882
0.0995395
0.0997909
0.100042
0.100294
0.100545
0.100796
0.101048
0.101299
0.10155
0.101802
0.102053
0.102304
0.102556
0.102807
0.103059
0.10331
0.103561
0.103813
0.104064
0.104315
0.104567
0.104818
0.105069
0.105321
0.105572
0.105824
0.106075
0.106326
0.106578
0.106829
0.10708
0.107332
0.107583
0.107834
0.108086
0.108337
0.108588
0.10884
0.109091
0.109343
0.109594
0.109845
0.110097
0.110348
0.110599
0.110851
0.111102
0.111353
0.111605
0.111856
0.112108
0.112359
0.11261
0.112862
0.113113
0.113364
0.113616
0.113867
0.114118
0.11437
0.114621
0.114872
0.115124
0.115375
0.115627
0.115878
0.116129
0.116381
0.116632
0.116883
0.117135
0.117386
0.117637
0.117889
0.11814
0.118392
0.118643
0.118894
0.119146
0.119397
0.119648
0.1199
0.120151
0.120402
0.120654
0.120905
0.121156
0.121408
0.121659
0.121911
0.122162
0.122413
0.122665
0.122916
0.123167
0.123419
0.12367
0.123921
0.124173
0.124424
0.124676
0.124927
0.125178
0.12543
0.125681
0.125932
0.126184
0.126435
0.126686
0.126938
0.127189
0.127441
0.127692
0.127943
0.128195
0.128446
0.128697
0.128949
0.1292
0.129452
0.129703
0.129954
0.130206
0.130457
0.130708
0.13096
0.131211
0.131462
0.131714
0.131965
0.132217
0.132468
0.132719
0.132971
0.133222
0.133473
0.133725
0.133976
0.134227
0.134479
0.13473
0.134982
0.135233
0.135484
0.135736
0.135987
0.136238
0.13649
0.136741
0.136993
0.137244
0.137495
0.137747
0.137998
0.138249
0.138501
0.138752
0.139003
0.139255
0.139506
0.139758
0.140009
0.14026
0.140512
0.140763
0.141014
0.141266
0.141517
0.141769
0.14202
0.142271
0.142523
0.142774
0.143025
0.143277
0.143528
0.143779
0.144031
0.144282
0.144534
0.144785
0.145036
0.145288
0.145539
0.14579
0.146042
0.146293
0.146545
0.146796
0.147047
0.147299
0.14755
0.147801
0.148053
0.148304
0.148555
0.148807
0.149058
0.14931
0.149561
0.149812
0.150064
0.150315
0.150566
0.150818
0.151069
0.151321
0.151572
0.151823
0.152075
0.152326
0.152577
0.152829
0.15308
0.153331
0.153583
0.153834
0.154086
0.154337
0.154588
0.15484
0.155091
0.155342
0.155594
0.155845
0.156096
0.156348
0.156599
0.156851
0.157102
0.157353
0.157605
0.157856
0.158107
0.158359
0.15861
0.158862
0.159113
0.159364
0.159616
0.159867
0.160118
0.16037
0.160621
0.160872
0.161124
0.161375
0.161627
0.161878
0.162129
0.162381
0.162632
0.162883
0.163135
0.163386
0.163638
0.163889
0.16414
0.164392
0.164643
0.164894
0.165146
0.165397
0.165648
0.1659
0.166151
0.166403
0.166654
0.166905
0.167157
0.167408
0.167659
0.167911
0.168162
0.168414
0.168665
0.168916
0.169168
0.169419
0.16967
0.169922
0.170173
0.170424
0.170676
0.170927
0.171179
0.17143
0.171681
0.171933
0.172184
0.172435
0.172687
0.172938
0.173189
0.173441
0.173692
0.173944
0.174195
0.174446
0.174698
0.174949
0.1752
0.175452
0.175703
0.175955
0.176206
0.176457
0.176709
0.17696
0.177211
0.177463
0.177714
0.177965
0.178217
0.178468
0.17872
0.178971
0.179222
0.179474
0.179725
0.179976
0.180228
0.180479
0.180731
0.180982
0.181234
0.181485
0.181737
0.181988
0.18224
0.182491
0.182743
0.182995
0.183246
0.183498
0.18375
0.184002
0.184254
0.184506
0.184758
0.18501
0.185262
0.185514
0.185766
0.186018
0.186271
0.186523
0.186775
0.187028
0.18728
0.187533
0.187786
0.188039
0.188291
0.188544
0.188797
0.189051
0.189304
0.189557
0.18981
0.190064
0.190317
0.190571
0.190825
0.191079
0.191333
0.191587
0.191841
0.192095
0.192349
0.192604
0.192858
0.193113
0.193368
0.193623
0.193878
0.194133
0.194388
0.194643
0.194899
0.195154
0.19541
0.195666
0.195922
0.196178
0.196434
0.196691
0.196947
0.197204
0.197461
0.197718
0.197975
0.198232
0.198489
0.198747
0.199004
0.199262
0.19952
0.199778
0.200036
0.200295
0.200553
0.200812
0.201071
0.20133
0.201589
0.201848
0.202108
0.202367
0.202627
0.202887
0.203147
0.203408
0.203668
0.203929
0.20419
0.204451
0.204712
0.204973
0.205235
0.205496
0.205758
0.20602
0.206283
0.206545
0.206808
0.207071
0.207334
0.207597
0.20786
0.208124
0.208388
0.208651
0.208916
0.20918
0.209445
0.209709
0.209974
0.210239
0.210505
0.21077
0.211036
0.211302
0.211568
0.211834
0.212101
0.212368
0.212635
0.212902
0.213169
0.213437
0.213705
0.213973
0.214241
0.214509
0.214778
0.215047
0.215316
0.215585
0.215855
0.216125
0.216394
0.216665
0.216935
0.217206
0.217477
0.217748
0.218019
0.218291
0.218562
0.218834
0.219106
0.219379
0.219652
0.219924
0.220198
0.220471
0.220744
0.221018
0.221292
0.221567
0.221841
0.222116
0.222391
0.222666
0.222942
0.223217
0.223493
0.223769
0.224046
0.224322
0.224599
0.224876
0.225154
0.225431
0.225709
0.225987
0.226266
0.226544
0.226823
0.227102
0.227381
0.227661
0.227941
0.228221
0.228501
0.228781
0.229062
0.229343
0.229625
0.229906
0.230188
0.23047
0.230752
0.231035
0.231317
0.2316
0.231884
0.232167
0.232451
0.232735
0.233019
0.233304
0.233588
0.233873
0.234159
0.234444
0.23473
0.235016
0.235302
0.235589
0.235875
0.236162
0.23645
0.236737
0.237025
0.237313
0.237601
0.23789
0.238178
0.238467
0.238757
0.239046
0.239336
0.239626
0.239916
0.240207
0.240498
0.240789
0.24108
0.241371
0.241663
0.241955
0.242247
0.24254
0.242833
0.243126
0.243419
0.243713
0.244006
0.244301
0.244595
0.244889
0.245184
0.245479
0.245775
0.24607
0.246366
0.246662
0.246958
0.247255
0.247552
0.247849
0.248146
0.248443
0.248741
0.249039
0.249337
0.249636
0.249935
0.250234
0.250533
0.250832
0.251132
0.251432
0.251732
0.252033
0.252333
0.252634
0.252936
0.253237
0.253539
0.253841
0.254143
0.254445
0.254748
0.255051
0.255354
0.255657
0.255961
0.256264
0.256568
0.256873
0.257177
0.257482
0.257787
0.258092
0.258397
0.258703
0.259009
0.259315
0.259622
0.259928
0.260235
0.260542
0.260849
0.261157
0.261464
0.261772
0.26208
0.262389
0.262697
0.263006
0.263315
0.263624
0.263934
0.264244
0.264554
0.264864
0.265174
0.265485
0.265795
0.266106
0.266417
0.266729
0.26704
0.267352
0.267664
0.267977
0.268289
0.268602
0.268914
0.269228
0.269541
0.269854
0.270168
0.270482
0.270796
0.27111
0.271424
0.271739
0.272054
0.272369
0.272684
0.272999
0.273315
0.273631
0.273947
0.274263
0.274579
0.274896
0.275212
0.275529
0.275846
0.276164
0.276481
0.276799
0.277116
0.277434
0.277752
0.278071
0.278389
0.278708
0.279027
0.279345
0.279665
0.279984
0.280303
0.280623
0.280943
0.281263
0.281583
0.281903
0.282224
0.282544
0.282865
0.283186
0.283507
0.283829
0.28415
0.284472
0.284794
0.285116
0.285438
0.28576
0.286083
0.286405
0.286728
0.287051
0.287374
0.287698
0.288021
0.288345
0.288669
0.288993
0.289317
0.289641
0.289966
0.290291
0.290616
0.290941
0.291266
0.291591
0.291917
0.292242
0.292568
0.292894
0.293221
0.293547
0.293874
0.2942
0.294527
0.294854
0.295181
0.295509
0.295836
0.296164
0.296492
0.29682
0.297148
0.297477
0.297805
0.298134
0.298463
0.298792
0.299121
0.299451
0.29978
0.30011
0.30044
0.30077
0.3011
0.301431
0.301761
0.302092
0.302423
0.302754
0.303085
0.303417
0.303748
0.30408
0.304412
0.304744
0.305076
0.305409
0.305742
0.306074
0.306407
0.30674
0.307074
0.307407
0.307741
0.308074
0.308408
0.308742
0.309077
0.309411
0.309746
0.31008
0.310415
0.310751
0.311086
0.311421
0.311757
0.312093
0.312429
0.312765
0.313101
0.313437
0.313774
0.314111
0.314448
0.314785
0.315122
0.31546
0.315797
0.316135
0.316473
0.316811
0.317149
0.317488
0.317826
0.318165
0.318504
0.318843
0.319182
0.319522
0.319861
0.320201
0.320541
0.320881
0.321221
0.321562
0.321902
0.322243
0.322584
0.322925
0.323267
0.323608
0.32395
0.324291
0.324633
0.324975
0.325318
0.32566
0.326003
0.326345
0.326688
0.327031
0.327375
0.327718
0.328062
0.328405
0.328749
0.329093
0.329438
0.329782
0.330127
0.330471
0.330816
0.331161
0.331506
0.331852
0.332197
0.332543
0.332889
0.333235
0.333581
0.333928
0.334274
0.334621
0.334968
0.335315
0.335662
0.33601
0.336357
0.336705
0.337053
0.337401
0.337749
0.338097
0.338446
0.338795
0.339143
0.339492
0.339842
0.340191
0.340541
0.34089
0.34124
0.34159
0.34194
0.342291
0.342641
0.342992
0.343343
0.343694
0.344045
0.344396
0.344748
0.345099
0.345451
0.345803
0.346155
0.346508
0.34686
0.347213
0.347566
0.347919
0.348272
0.348625
0.348978
0.349332
0.349686
0.35004
0.350394
0.350748
0.351103
0.351457
0.351812
0.352167
0.352522
0.352877
0.353233
0.353588
0.353944
0.3543
0.354656
0.355012
0.355369
0.355725
0.356082
0.356439
0.356796
0.357153
0.357511
0.357868
0.358226
0.358584
0.358942
0.3593
0.359659
0.360017
0.360376
0.360735
0.361094
0.361453
0.361812
0.362172
0.362531
0.362891
0.363251
0.363611
0.363972
0.364332
0.364693
0.365054
0.365415
0.365776
0.366137
0.366499
0.36686
0.367222
0.367584
0.367946
0.368309
0.368671
0.369034
0.369396
0.369759
0.370122
0.370486
0.370849
0.371213
0.371577
0.37194
0.372304
0.372669
0.373033
0.373398
0.373762
0.374127
0.374492
0.374858
0.375223
0.375589
0.375954
0.37632
0.376686
0.377052
0.377419
0.377785
0.378152
0.378519
0.378886
0.379253
0.37962
0.379988
0.380355
0.380723
0.381091
0.381459
0.381828
0.382196
0.382565
0.382933
0.383302
0.383671
0.384041
0.38441
0.38478
0.385149
0.385519
0.385889
0.38626
0.38663
0.387001
0.387371
0.387742
0.388113
0.388485
0.388856
0.389227
0.389599
0.389971
0.390343
0.390715
0.391088
0.39146
0.391833
0.392205
0.392578
0.392952
0.393325
0.393698
0.394072
0.394446
0.39482
0.395194
0.395568
0.395943
0.396317
0.396692
0.397067
0.397442
0.397817
0.398192
0.398568
0.398944
0.39932
0.399696
0.400072
0.400448
0.400825
0.401201
0.401578
0.401955
0.402332
0.40271
0.403087
0.403465
0.403843
0.404221
0.404599
0.404977
0.405356
0.405734
0.406113
0.406492
0.406871
0.40725
0.40763
0.408009
0.408389
0.408769
0.409149
0.409529
0.40991
0.41029
0.410671
0.411052
0.411433
0.411814
0.412196
0.412577
0.412959
0.413341
0.413723
0.414105
0.414488
0.41487
0.415253
0.415636
0.416019
0.416402
0.416785
0.417169
0.417553
0.417936
0.41832
0.418705
0.419089
0.419474
0.419858
0.420243
0.420628
0.421013
0.421399
0.421784
0.42217
0.422556
0.422942
0.423328
0.423714
0.424101
0.424487
0.424874
0.425261
0.425648
0.426036
0.426423
0.426811
0.427199
0.427587
0.427975
0.428363
0.428752
0.42914
0.429529
0.429918
0.430307
0.430697
0.431086
0.431476
0.431866
0.432256
0.432646
0.433036
0.433426
0.433817
0.434208
0.434599
0.43499
0.435381
0.435773
0.436164
0.436556
0.436948
0.43734
0.437732
0.438125
0.438517
0.43891
0.439303
0.439696
0.440089
0.440483
0.440876
0.44127
0.441664
0.442058
0.442452
0.442846
0.443241
0.443635
0.44403
0.444425
0.44482
0.445216
0.445611
0.446007
0.446402
0.446798
0.447194
0.447591
0.447987
0.448384
0.44878
0.449177
0.449574
0.449971
0.450369
0.450766
0.451164
0.451562
0.45196
0.452358
0.452756
0.453155
0.453553
0.453952
0.454351
0.45475
0.455149
0.455548
0.455948
0.456347
0.456747
0.457147
0.457547
0.457948
0.458348
0.458749
0.459149
0.45955
0.459951
0.460352
0.460753
0.461155
0.461556
0.461958
0.46236
0.462762
0.463164
0.463567
0.463969
0.464372
0.464774
0.465177
0.46558
0.465983
0.466387
0.46679
0.467194
0.467598
0.468001
0.468406
0.46881
0.469214
0.469618
0.470023
0.470428
0.470833
0.471238
0.471643
0.472048
0.472453
0.472859
0.473265
0.47367
0.474076
0.474482
0.474889
0.475295
0.475701
0.476108
0.476515
0.476922
0.477329
0.477736
0.478143
0.47855
0.478958
0.479365
0.479773
0.480181
0.480589
0.480997
0.481406
0.481814
0.482222
0.482631
0.48304
0.483449
0.483858
0.484267
0.484676
0.485086
0.485495
0.485905
0.486314
0.486724
0.487134
0.487544
0.487954
0.488365
0.488775
0.489186
0.489596
0.490007
0.490418
0.490829
0.49124
0.491651
0.492063
0.492474
0.492886
0.493297
0.493709
0.494121
0.494533
0.494945
0.495357
0.495769
0.496182
0.496594
0.497007
0.497419
0.497832
0.498245
0.498658
0.499071
0.499484
0.499898
0.500311
0.500724
0.501138
0.501552
0.501965
0.502379
0.502793
0.503207
0.503621
0.504036
0.50445
0.504864
0.505279
0.505693
0.506108
0.506523
0.506938
0.507352
0.507767
0.508183
0.508598
0.509013
0.509428
0.509844
0.510259
0.510675
0.51109
0.511506
0.511922
0.512338
0.512754
0.51317
0.513586
0.514002
0.514418
0.514834
0.515251
0.515667
0.516084
0.5165
0.516917
0.517334
0.51775
0.518167
0.518584
0.519001
0.519418
0.519835
0.520252
0.520669
0.521087
0.521504
0.521921
0.522339
0.522756
0.523174
0.523591
0.524009
0.524426
0.524844
0.525262
0.52568
0.526098
0.526515
0.526933
0.527351
0.527769
0.528187
0.528606
0.529024
0.529442
0.52986
0.530278
0.530697
0.531115
0.531533
0.531952
0.53237
0.532789
0.533207
0.533626
0.534044
0.534463
0.534882
0.5353
0.535719
0.536138
0.536556
0.536975
0.537394
0.537812
0.538231
0.53865
0.539069
0.539488
0.539907
0.540325
0.540744
0.541163
0.541582
0.542001
0.54242
0.542839
0.543258
0.543677
0.544096
0.544515
0.544933
0.545352
0.545771
0.54619
0.546609
0.547028
0.547447
0.547866
0.548285
0.548704
0.549123
0.549542
0.54996
0.550379
0.550798
0.551217
0.551636
0.552055
0.552473
0.552892
0.553311
0.55373
0.554148
0.554567
0.554986
0.555404
0.555823
0.556242
0.55666
0.557079
0.557497
0.557916
0.558334
0.558752
0.559171
0.559589
0.560007
0.560426
0.560844
0.561262
0.56168
0.562098
0.562516
0.562934
0.563352
0.56377
0.564188
0.564606
0.565024
0.565442
0.565859
0.566277
0.566694
0.567112
0.567529
0.567947
0.568364
0.568782
0.569199
0.569616
0.570033
0.57045
0.570868
0.571285
0.571701
0.572118
0.572535
0.572952
0.573369
0.573785
0.574202
0.574618
0.575035
0.575451
0.575867
0.576283
0.576699
0.577116
0.577532
0.577947
0.578363
0.578779
0.579195
0.57961
0.580026
0.580441
0.580857
0.581272
0.581687
0.582102
0.582517
0.582932
0.583347
0.583762
0.584177
0.584591
0.585006
0.58542
0.585835
0.586249
0.586663
0.587077
0.587491
0.587905
0.588319
0.588733
0.589146
0.58956
0.589973
0.590387
0.5908
0.591213
0.591626
0.592039
0.592452
0.592865
0.593277
0.59369
0.594102
0.594515
0.594927
0.595339
0.595751
0.596163
0.596575
0.596986
0.597398
0.59781
0.598221
0.598632
0.599043
0.599454
0.599865
0.600276
0.600687
0.601098
0.601508
0.601918
0.602329
0.602739
0.603149
0.603559
0.603969
0.604378
0.604788
0.605197
0.605606
0.606016
0.606425
0.606834
0.607243
0.607651
0.60806
0.608468
0.608877
0.609285
0.609693
0.610101
0.610509
0.610917
0.611324
0.611732
0.612139
0.612546
0.612953
0.61336
0.613767
0.614174
0.61458
0.614987
0.615393
0.615799
0.616205
0.616611
0.617017
0.617422
0.617828
0.618233
0.618638
0.619043
0.619448
0.619853
0.620258
0.620662
0.621067
0.621471
0.621875
0.622279
0.622683
0.623087
0.62349
0.623894
0.624297
0.6247
0.625103
0.625506
0.625908
0.626311
0.626713
0.627116
0.627518
0.62792
0.628322
0.628723
0.629125
0.629526
0.629927
0.630328
0.630729
0.63113
0.631531
0.631931
0.632332
0.632732
0.633132
0.633532
0.633932
0.634331
0.634731
0.63513
0.635529
0.635928
0.636327
0.636726
0.637124
0.637522
0.637921
0.638319
0.638717
0.639114
0.639512
0.639909
0.640307
0.640704
0.641101
0.641498
0.641894
0.642291
0.642687
0.643083
0.643479
0.643875
0.644271
0.644667
0.645062
0.645457
0.645852
0.646247
0.646642
0.647037
0.647431
0.647825
0.648219
0.648613
0.649007
0.649401
0.649794
0.650188
0.650581
0.650974
0.651367
0.651759
0.652152
0.652544
0.652936
0.653328
0.65372
0.654112
0.654504
0.654895
0.655286
0.655677
0.656068
0.656459
0.656849
0.65724
0.65763
0.65802
0.65841
0.6588
0.659189
0.659579
0.659968
0.660357
0.660746
0.661135
0.661523
0.661912
0.6623
0.662688
0.663076
0.663464
0.663851
0.664239
0.664626
0.665013
0.6654
0.665787
0.666174
0.66656
0.666946
0.667333
0.667718
0.668104
0.66849
0.668875
0.669261
0.669646
0.670031
0.670416
0.6708
0.671185
0.671569
0.671953
0.672337
0.672721
0.673104
0.673488
0.673871
0.674254
0.674637
0.67502
0.675403
0.675785
0.676168
0.67655
0.676932
0.677314
0.677695
0.678077
0.678458
0.678839
0.67922
0.679601
0.679982
0.680362
0.680743
0.681123
0.681503
0.681883
0.682263
0.682642
0.683022
0.683401
0.68378
0.684159
0.684537
0.684916
0.685294
0.685673
0.686051
0.686429
0.686806
0.687184
0.687561
0.687939
0.688316
0.688693
0.689069
0.689446
0.689823
0.690199
0.690575
0.690951
0.691327
0.691702
0.692078
0.692453
0.692828
0.693204
0.693578
0.693953
0.694328
0.694702
0.695076
0.69545
0.695824
0.696198
0.696571
0.696945
0.697318
0.697691
0.698064
0.698437
0.698809
0.699182
0.699554
0.699926
0.700298
0.70067
0.701042
0.701413
0.701784
0.702156
0.702527
0.702897
0.703268
0.703639
0.704009
0.704379
0.704749
0.705119
0.705489
0.705858
0.706228
0.706597
0.706966
0.707335
0.707703
0.708072
0.70844
0.708809
0.709177
0.709545
0.709912
0.71028
0.710647
0.711015
0.711382
0.711749
0.712115
0.712482
0.712849
0.713215
0.713581
0.713947
0.714313
0.714678
0.715044
0.715409
0.715774
0.716139
0.716504
0.716869
0.717233
0.717598
0.717962
0.718326
0.71869
0.719053
0.719417
0.71978
0.720144
0.720507
0.720869
0.721232
0.721595
0.721957
0.722319
0.722681
0.723043
0.723405
0.723767
0.724128
0.724489
0.72485
0.725211
0.725572
0.725933
0.726293
0.726653
0.727014
0.727374
0.727733
0.728093
0.728452
0.728812
0.729171
0.72953
0.729889
0.730247
0.730606
0.730964
0.731322
0.73168
0.732038
0.732396
0.732753
0.733111
0.733468
0.733825
0.734182
0.734538
0.734895
0.735251
0.735607
0.735963
0.736319
0.736675
0.737031
0.737386
0.737741
0.738096
0.738451
0.738806
0.73916
0.739515
0.739869
0.740223
0.740577
0.740931
0.741284
0.741638
0.741991
0.742344
0.742697
0.74305
0.743402
0.743755
0.744107
0.744459
0.744811
0.745163
0.745514
0.745866
0.746217
0.746568
0.746919
0.74727
0.74762
0.747971
0.748321
0.748671
0.749021
0.749371
0.749721
0.75007
0.750419
0.750768
0.751117
0.751466
0.751815
0.752163
0.752512
0.75286
0.753208
0.753556
0.753903
0.754251
0.754598
0.754945
0.755292
0.755639
0.755986
0.756332
0.756679
0.757025
0.757371
0.757717
0.758062
0.758408
0.758753
0.759098
0.759443
0.759788
0.760133
0.760477
0.760822
0.761166
0.76151
0.761854
0.762197
0.762541
0.762884
0.763228
0.763571
0.763913
0.764256
0.764599
0.764941
0.765283
0.765625
0.765967
0.766309
0.76665
0.766992
0.767333
0.767674
0.768015
0.768355
0.768696
0.769036
0.769377
0.769717
0.770056
0.770396
0.770736
0.771075
0.771414
0.771753
0.772092
0.772431
0.77277
0.773108
0.773446
0.773784
0.774122
0.77446
0.774797
0.775135
0.775472
0.775809
0.776146
0.776482
0.776819
0.777155
0.777492
0.777828
0.778164
0.778499
0.778835
0.77917
0.779505
0.77984
0.780175
0.78051
0.780845
0.781179
0.781513
0.781847
0.782181
0.782515
0.782848
0.783182
0.783515
0.783848
0.784181
0.784514
0.784846
0.785178
0.785511
0.785843
0.786175
0.786506
0.786838
0.787169
0.7875
0.787831
0.788162
0.788493
0.788823
0.789154
0.789484
0.789814
0.790144
0.790474
0.790803
0.791133
0.791462
0.791791
0.79212
0.792448
0.792777
0.793105
0.793433
0.793761
0.794089
0.794417
0.794744
0.795072
0.795399
0.795726
0.796053
0.796379
0.796706
0.797032
0.797358
0.797684
0.79801
0.798336
0.798661
0.798987
0.799312
0.799637
0.799962
0.800286
0.800611
0.800935
0.801259
0.801583
0.801907
0.80223
0.802554
0.802877
0.8032
0.803523
0.803846
0.804169
0.804491
0.804813
0.805136
0.805457
0.805779
0.806101
0.806422
0.806744
0.807065
0.807386
0.807706
0.808027
0.808347
0.808668
0.808988
0.809308
0.809627
0.809947
0.810266
0.810586
0.810905
0.811224
0.811542
0.811861
0.812179
0.812497
0.812815
0.813133
0.813451
0.813769
0.814086
0.814403
0.81472
0.815037
0.815354
0.81567
0.815986
0.816303
0.816619
0.816934
0.81725
0.817565
0.817881
0.818196
0.818511
0.818826
0.81914
0.819455
0.819769
0.820083
0.820397
0.82071
0.821024
0.821337
0.82165
0.821963
0.822276
0.822589
0.822901
0.823214
0.823526
0.823838
0.824149
0.824461
0.824772
0.825083
0.825394
0.825705
0.826016
0.826326
0.826637
0.826947
0.827257
0.827566
0.827876
0.828185
0.828494
0.828803
0.829112
0.829421
0.829729
0.830037
0.830345
0.830653
0.830961
0.831268
0.831576
0.831883
0.83219
0.832497
0.832803
0.833109
0.833416
0.833722
0.834027
0.834333
0.834638
0.834944
0.835249
0.835554
0.835858
0.836163
0.836467
0.836771
0.837075
0.837379
0.837682
0.837986
0.838289
0.838592
0.838895
0.839197
0.8395
0.839802
0.840104
0.840406
0.840707
0.841009
0.84131
0.841611
0.841912
0.842213
0.842513
0.842813
0.843113
0.843413
0.843713
0.844012
0.844312
0.844611
0.84491
0.845209
0.845507
0.845805
0.846104
0.846402
0.846699
0.846997
0.847294
0.847591
0.847888
0.848185
0.848482
0.848778
0.849074
0.84937
0.849666
0.849962
0.850257
0.850552
0.850847
0.851142
0.851437
0.851731
0.852026
0.85232
0.852613
0.852907
0.8532
0.853494
0.853787
0.85408
0.854372
0.854665
0.854957
0.855249
0.855541
0.855833
0.856124
0.856415
0.856706
0.856997
0.857288
0.857579
0.857869
0.858159
0.858449
0.858738
0.859028
0.859317
0.859606
0.859895
0.860184
0.860473
0.860761
0.861049
0.861337
0.861625
0.861912
0.862199
0.862486
0.862773
0.86306
0.863347
0.863633
0.863919
0.864205
0.864491
0.864776
0.865062
0.865347
0.865632
0.865916
0.866201
0.866485
0.866769
0.867053
0.867337
0.867621
0.867904
0.868187
0.86847
0.868753
0.869035
0.869318
0.8696
0.869882
0.870164
0.870445
0.870726
0.871008
0.871289
0.871569
0.87185
0.87213
0.87241
0.87269
0.87297
0.87325
0.873529
0.873808
0.874087
0.874366
0.874645
0.874923
0.875201
0.875479
0.875757
0.876035
0.876312
0.876589
0.876866
0.877143
0.87742
0.877696
0.877972
0.878249
0.878524
0.8788
0.879075
0.879351
0.879626
0.879901
0.880175
0.88045
0.880724
0.880998
0.881272
0.881546
0.881819
0.882092
0.882366
0.882639
0.882911
0.883184
0.883456
0.883728
0.884
0.884272
0.884543
0.884815
0.885086
0.885357
0.885628
0.885898
0.886169
0.886439
0.886709
0.886979
0.887248
0.887518
0.887787
0.888056
0.888325
0.888593
0.888862
0.88913
0.889398
0.889666
0.889934
0.890201
0.890469
0.890736
0.891003
0.89127
0.891536
0.891802
0.892069
0.892335
0.8926
0.892866
0.893131
0.893397
0.893662
0.893927
0.894191
0.894456
0.89472
0.894984
0.895248
0.895512
0.895775
0.896039
0.896302
0.896565
0.896828
0.89709
0.897353
0.897615
0.897877
0.898139
0.898401
0.898662
0.898923
0.899185
0.899445
0.899706
0.899967
0.900227
0.900487
0.900748
0.901007
0.901267
0.901527
0.901786
0.902045
0.902304
0.902563
0.902821
0.90308
0.903338
0.903596
0.903854
0.904112
0.904369
0.904626
0.904884
0.905141
0.905397
0.905654
0.90591
0.906167
0.906423
0.906679
0.906935
0.90719
0.907446
0.907701
0.907956
0.908211
0.908465
0.90872
0.908974
0.909228
0.909482
0.909736
0.90999
0.910243
0.910497
0.91075
0.911003
0.911256
0.911508
0.911761
0.912013
0.912265
0.912517
0.912769
0.913021
0.913272
0.913523
0.913774
0.914025
0.914276
0.914527
0.914777
0.915028
0.915278
0.915528
0.915778
0.916027
0.916277
0.916526
0.916775
0.917024
0.917273
0.917522
0.917771
0.918019
0.918268
0.918516
0.918764
0.919012
0.91926
0.919507
0.919755
0.920002
0.920249
0.920497
0.920744
0.92099
0.921237
0.921484
0.92173
0.921977
0.922223
0.922469
0.922715
0.922961
0.923207
0.923452
0.923698
0.923943
0.924189
0.924434
0.924679
0.924924
0.925169
0.925413
0.925658
0.925903
0.926147
0.926392
0.926636
0.92688
0.927124
0.927368
0.927612
0.927856
0.928099
0.928343
0.928586
0.92883
0.929073
0.929316
0.929559
0.929803
0.930045
0.930288
0.930531
0.930774
0.931017
0.931259
0.931502
0.931744
0.931986
0.932229
0.932471
0.932713
0.932955
0.933197
0.933439
0.93368
0.933922
0.934164
0.934406
0.934647
0.934889
0.93513
0.935372
0.935613
0.935854
0.936095
0.936337
0.936578
0.936819
0.93706
0.937301
0.937541
0.937782
0.938023
0.938264
0.938504
0.938745
0.938986
0.939226
0.939467
0.939707
0.939948
0.940188
0.940428
0.940669
0.940909
0.941149
0.941389
0.941629
0.94187
0.94211
0.94235
0.94259
0.94283
0.94307
0.94331
0.94355
0.943789
0.944029
0.944269
0.944509
0.944749
0.944988
0.945228
0.945468
0.945708
0.945947
0.946187
0.946427
0.946666
0.946906
0.947146
0.947385
0.947625
0.947864
0.948104
0.948343
0.948583
0.948822
0.949062
0.949302
0.949541
0.949781
0.95002
0.95026
0.950499
0.950739
0.950978
0.951218
0.951457
0.951697
0.951936
0.952175
0.952415
0.952655
0.952894
0.953134
0.953373
0.953613
0.953852
0.954092
0.954332
0.954571
0.954811
0.95505
0.95529
0.95553
0.955769
0.956009
0.956249
0.956488
0.956728
0.956968
0.957208
0.957447
0.957687
0.957927
0.958167
0.958407
0.958647
0.958887
0.959127
0.959367
0.959607
0.959847
0.960087
0.960327
0.960567
0.960807
0.961047
0.961288
0.961528
0.961768
0.962008
0.962249
0.962489
0.96273
0.96297
0.963211
0.963451
0.963692
0.963932
0.964173
0.964414
0.964655
0.964895
0.965136
0.965377
0.965618
0.965859
0.9661
0.966341
0.966582
0.966823
0.967064
0.967306
0.967547
0.967788
0.96803
0.968271
0.968512
0.968754
0.968996
0.969237
0.969479
0.969721
0.969962
0.970204
0.970446
0.970688
0.97093
0.971172
0.971414
0.971656
0.971899
0.972141
0.972383
0.972626
0.972868
0.973111
0.973353
0.973596
0.973839
0.974081
0.974324
0.974567
0.97481
0.975053
0.975296
0.975539
0.975783
0.976026
0.976269
0.976513
0.976756
0.977
0.977243
0.977487
0.977731
0.977975
0.978219
0.978463
0.978707
0.978951
0.979195
0.979439
0.979684
0.979928
0.980173
0.980417
0.980662
0.980906
0.981151
0.981396
0.981641
0.981886
0.982131
0.982376
0.982622
0.982867
0.983112
0.983358
0.983603
0.983849
0.984095
0.98434
0.984586
0.984832
0.985078
0.985324
0.985571
0.985817
0.986063
0.98631
0.986556
0.986803
0.98705
0.987296
0.987543
0.98779
0.988037
0.988284
0.988531
0.988779
0.989026
0.989274
0.989521
0.989769
0.990017
0.990264
0.990512
0.99076
0.991008
0.991256
0.991505
0.991753
0.992001
0.99225
0.992498
0.992747
0.992996
0.993245
0.993494
0.993743
0.993992
0.994241
0.99449
0.99474
0.994989
0.995239
0.995489
0.995738
0.995988
0.996238
0.996488
0.996738
0.996989
0.997239
0.997489
0.99774
0.99799
0.998241
0.998492
0.998743
0.998994
0.999245
0.999496
0.999747
0.999999
