2
   0     30
   0     0
29
   0     0
   1     0
   2     0
   3     0
   4     0
   5     0
   6     0
   7     0
   8     0
   9     0
   9.5     0
   9.8     0
   10    0
   10.2  0.03149800155081756
   10.5  0.07874500387704391
   11    0.1574900077540878
   12    0.3149800155081756
   13    0.4724700232622634
   14    0.6299600310163512
   15    0.7874500387704391
   16    0.9449400465245268
   17    1.1024300542786147
   18    1.2599200620327025
   19    1.4174100697867902
   20    1.5749000775408781
   22    1.8898800930490536
   25    2.362350116311317
   30    3.1498001550817563
   40    4.724700232622634
2
   40    4.724700232622634
   40    30
2
   40    30
   0     30
