12
      128305.961370   1199282.603339
      117186.977115   1130715.533763
       28235.103070   1043616.823760
      -32919.310336    980609.246312
     -138549.660764    939839.637375
     -225648.370766    910189.012693
     -284949.620129    887951.044182
     -340544.541407    843475.107160
     -385020.478429    789733.349925
     -429496.415451    741551.084817
     -518448.289496    713753.624178
     -585162.195029    684102.999497
7
     -585162.195029    684102.999497
     -496210.320985    459870.150342
     -409111.610983    281966.402253
     -142255.988849    133713.278845
      130159.125413    144832.263101
      270999.592650    261581.597784
      327953.500893    380184.096511
10
      327953.500893    380184.096511
      193166.702861    435779.017789
      144984.437754    493227.103109
      126452.797328    535849.876089
      143131.273711    608123.273750
      195019.866904    658158.702900
      287678.069034    698928.311837
      372923.614993    710047.296093
      424812.208186    715606.788221
      474847.637336    708194.132050
5
      474847.637336    708194.132050
      484113.457549    862006.747586
      435931.192442   1002847.214823
      282118.576906   1178897.798870
      128305.961370   1199282.603339
