2
    -2355294.760473  18110776.905162
    -3683815.190309  17759694.565192
11
    -3683815.190309  17759694.565192
    -3425319.166543  16767964.627859
    -3089771.443385  15369849.114702
    -2595770.628736  13440449.706546
    -2213619.055140  12787995.800406
    -1244258.966018  12182145.744705
       42007.306086  12182145.744705
      974084.314857  12806637.340582
     1496047.439769  13729393.579265
     1943444.403979  15435094.505316
     2139801.960494  16355986.589982
2
     2139801.960494  16355986.589982
      841729.379612  16610132.921041
12
      841729.379612  16610132.921041
      682654.903448  15845208.389176
      517366.580559  15211396.023211
      200460.397577  14279319.014440
     -144408.095668  13803959.739967
     -545201.209440  13626865.108300
     -973956.633475  13757355.889528
    -1402712.057509  14353885.175142
    -1598448.229351  15304603.724088
    -1747580.550755  16022303.020842
    -2083128.273912  17094191.580929
    -2355294.760473  18110776.905162
